ID	Colisões	Iterações	Tempo(µs)	FitnessGerado	Média das Iterações	Média do Tempo(µs)		Desvio Padrão das Iterações	Desvio Padrão do Tempo
1	27	1000	557600		821,18	461670,04		343,9734618	103697,5852
2	52	31	195447	[100, 111, 011, 000, 010, 101, 001, 110]					
3	25	1000	443780						
4	47	1000	462032						
5	38	103	334169	[011, 110, 010, 111, 001, 100, 000, 101]					
6	32	1000	613067						
7	35	205	401234	[100, 111, 011, 000, 110, 001, 101, 010]					
8	33	1000	462305						
9	38	1000	488397						
10	38	1000	615975						
11	35	1000	463224						
12	34	1000	465735						
13	25	1000	482631						
14	32	1000	479475						
15	42	1000	472129						
16	34	1000	664818						
17	28	1000	562985						
18	36	1000	469963						
19	24	1000	535669						
20	36	1000	459579						
21	45	1000	475654						
22	39	1000	456262						
23	25	1000	479819						
24	39	1000	466389						
25	37	1000	459257						
26	20	1000	446244						
27	40	1000	476686						
28	33	1000	499919						
29	29	1000	479840						
30	36	125	258072	[011, 001, 100, 111, 101, 000, 010, 110]					
31	35	1000	473703						
32	40	1000	511656						
33	34	224	299287	[001, 101, 000, 110, 011, 111, 010, 100]					
34	54	1000	506357						
35	38	220	319136	[011, 110, 100, 001, 101, 000, 010, 111]					
36	28	1000	465782						
37	37	1000	526723						
38	39	1000	488242						
39	35	218	292695	[010, 101, 001, 110, 100, 000, 111, 011]					
40	37	1000	507546						
41	35	105	262687	[110, 100, 010, 000, 101, 111, 001, 011]					
42	35	273	293761	[000, 110, 011, 101, 111, 001, 100, 010]					
43	30	105	285586	[111, 011, 000, 010, 101, 001, 110, 100]					
44	39	1000	639260						
45	38	1000	580194						
46	31	1000	537398						
47	32	1000	534898						
48	40	450	338686	[100, 110, 000, 011, 001, 111, 101, 010]					
49	32	1000	596815						
50	35	1000	494734						
